0.9990223493247329
0.9990223493247329
0.9990206107639589
0.9990206107639589
0.9990220721628704
0.9990220721628704
0.9990232312033864
0.9990232312033864
0.9990289004233017
0.9990289004233017
0.9990333602096352
0.9990333602096352
0.9990301350534166
0.9990301350534166
0.9990291271920984
0.9990291271920984
0.9990280437411813
0.9990280437411813
0.9990186958274542
0.9990186958274542
0.9990261791977424
0.9990261791977424
0.9990202580124975
0.9990202580124975
0.9990213918564805
0.9990213918564805
0.9990174611973393
0.9990174611973393
0.9990210139084862
0.9990210139084862
0.9990291523886313
0.9990291523886313
0.9990217698044749
0.9990217698044749
0.9990261540012094
0.9990261540012094
0.9990192249546462
0.9990192249546462
0.9990208123362225
0.9990208123362225
0.9990200564402338
0.9990200564402338
0.9960923893802076
0.9960923893802076
0.9960895504175437
0.9960895504175437
0.9960835782820762
0.9960835782820762
0.9961070298598405
0.9961070298598405
0.9961131760255498
0.9961131760255498
0.9961219899126346
0.9961219899126346
0.9961185080975758
0.9961185080975758
0.9961021523756479
0.9961021523756479
0.9961016264166521
0.9961016264166521
0.9960997134165487
0.9960997134165487
0.9961084195639165
0.9961084195639165
0.9960950519036232
0.9960950519036232
0.9960945953859983
0.9960945953859983
0.9960937934414594
0.9960937934414594
0.9960964920865586
0.9960964920865586
0.9961151572321354
0.9961151572321354
0.9960937651906006
0.9960937651906006
0.9961125097648251
0.9961125097648251
0.9960913828073422
0.9960913828073422
0.99609623642842
0.99609623642842
0.9960958000313438
0.9960958000313438
0.9883200124097881
0.9883200124097881
0.9883182125870206
0.9883182125870206
0.9883010575350454
0.9883010575350454
0.9883662754142541
0.9883662754142541
0.9883812363731913
0.9883812363731913
0.9883992368599407
0.9883992368599407
0.9883965621391883
0.9883965621391883
0.9883472581039026
0.9883472581039026
0.9883515306337738
0.9883515306337738
0.9883497385958451
0.9883497385958451
0.9883740470668668
0.9883740470668668
0.9883347047072946
0.9883347047072946
0.9883327452576038
0.9883327452576038
0.9883327477232908
0.9883327477232908
0.9883337261029652
0.9883337261029652
0.9883869284907283
0.9883869284907283
0.9883302862367428
0.9883302862367428
0.9883840712965127
0.9883840712965127
0.9883269634298117
0.9883269634298117
0.9883396747576614
0.9883396747576614
0.9883414844098561
0.9883414844098561
0.7129208289417497
0.7129208289417497
0.712918559774124
0.712918559774124
0.7125503652477769
0.7125503652477769
0.7140568565667281
0.7140568565667281
0.7144084240971942
0.7144084240971942
0.7147508268818944
0.7147508268818944
0.7147494707826303
0.7147494707826303
0.7135209316314551
0.7135209316314551
0.7136950972330361
0.7136950972330361
0.7136840481175867
0.7136840481175867
0.714290950388817
0.714290950388817
0.7132693051965728
0.7132693051965728
0.7132674782309454
0.7132674782309454
0.7132679798577207
0.7132679798577207
0.7132691202145651
0.7132691202145651
0.7145142978923678
0.7145142978923678
0.7131956933376469
0.7131956933376469
0.7144963342303129
0.7144963342303129
0.7131928759592571
0.7131928759592571
0.7134595079809328
0.7134595079809328
0.7135148880199416
0.7135148880199416
0.4866630915289277
0.4866630915289277
0.48666100230071047
0.48666100230071047
0.4860029137993373
0.4860029137993373
0.48869441827627785
0.48869441827627785
0.4893211537520765
0.4893211537520765
0.48993166105360175
0.48993166105360175
0.48993077672272933
0.48993077672272933
0.487732986521855
0.487732986521855
0.4880466301534788
0.4880466301534788
0.4880272741856883
0.4880272741856883
0.4891127450368912
0.4891127450368912
0.48728521191408236
0.48728521191408236
0.48728363900455474
0.48728363900455474
0.487284314108673
0.487284314108673
0.4872850653273836
0.4872850653273836
0.48950982098473667
0.48950982098473667
0.4871546273972669
0.4871546273972669
0.48947952315896903
0.48947952315896903
0.4871520540281885
0.4871520540281885
0.4876267045731252
0.4876267045731252
0.48772667921712637
0.48772667921712637
0.3836725693023559
0.3836725693023559
0.3836710162637697
0.3836710162637697
0.3828811035953405
0.3828811035953405
0.38611162261688353
0.38611162261688353
0.38686387760781965
0.38686387760781965
0.38759634867169956
0.38759634867169956
0.3875953714114869
0.3875953714114869
0.3849568885530877
0.3849568885530877
0.3853341420558526
0.3853341420558526
0.3853106186371818
0.3853106186371818
0.3866138147847407
0.3866138147847407
0.38441942390796535
0.38441942390796535
0.38441848552005214
0.38441848552005214
0.38441842541227655
0.38441842541227655
0.38441964850984156
0.38441964850984156
0.3870903759598414
0.3870903759598414
0.3842636294109873
0.3842636294109873
0.38705429797627783
0.38705429797627783
0.38426029845514603
0.38426029845514603
0.3848302058031206
0.3848302058031206
0.3849500287354243
0.3849500287354243
0.9319756047594109
0.9319756047594109
0.9319739260074072
0.9319739260074072
0.9318852019183044
0.9318852019183044
0.93224518903617
0.93224518903617
0.9323292118022753
0.9323292118022753
0.9324126989156731
0.9324126989156731
0.9324107471876967
0.9324107471876967
0.9321201174962582
0.9321201174962582
0.9321591669680832
0.9321591669680832
0.9321562858991731
0.9321562858991731
0.9322998562057299
0.9322998562057299
0.932058539321256
0.932058539321256
0.9320568316584426
0.9320568316584426
0.9320569310345989
0.9320569310345989
0.9320587213554105
0.9320587213554105
0.932355104022188
0.932355104022188
0.9320398460452425
0.9320398460452425
0.9323491220205924
0.9323491220205924
0.9320367359807067
0.9320367359807067
0.9321020705687217
0.9321020705687217
0.9321142783379534
0.9321142783379534
0.8962488409091774
0.8962488409091774
0.8962462732517725
0.8962462732517725
0.8961126997516863
0.8961126997516863
0.8966592765143794
0.8966592765143794
0.8967871249330259
0.8967871249330259
0.8969126173463966
0.8969126173463966
0.8969116444242378
0.8969116444242378
0.8964674299316508
0.8964674299316508
0.8965285299861676
0.8965285299861676
0.8965245214288465
0.8965245214288465
0.896743322959657
0.896743322959657
0.896375246009454
0.896375246009454
0.8963736066074789
0.8963736066074789
0.8963733552084397
0.8963733552084397
0.8963745471496192
0.8963745471496192
0.8968259033857963
0.8968259033857963
0.8963474837238151
0.8963474837238151
0.8968185754491876
0.8968185754491876
0.8963444574701602
0.8963444574701602
0.8964427151367504
0.8964427151367504
0.8964620883925343
0.8964620883925343
0.8527226888982549
0.8527226888982549
0.8527208970879292
0.8527208970879292
0.8525301663579108
0.8525301663579108
0.8533054755564082
0.8533054755564082
0.8534861830277595
0.8534861830277595
0.8536630675149388
0.8536630675149388
0.8536618608401247
0.8536618608401247
0.853031493499904
0.853031493499904
0.8531193606646078
0.8531193606646078
0.8531136851435549
0.8531136851435549
0.8534253287328114
0.8534253287328114
0.8529011442974923
0.8529011442974923
0.8528994270747144
0.8528994270747144
0.8528996797281005
0.8528996797281005
0.8529016392419486
0.8529016392419486
0.8535410475311869
0.8535410475311869
0.8528627483464918
0.8528627483464918
0.8535304950605118
0.8535304950605118
0.8528595728608863
0.8528595728608863
0.8529974781872752
0.8529974781872752
0.853025579273369
0.853025579273369
0.8058471560713689
0.8058471560713689
0.8058452522683229
0.8058452522683229
0.8055952070499232
0.8055952070499232
0.8066155216383399
0.8066155216383399
0.8068533434199452
0.8068533434199452
0.8070863297863147
0.8070863297863147
0.807084944238592
0.807084944238592
0.8062539308345381
0.8062539308345381
0.8063707313856898
0.8063707313856898
0.806362856304054
0.806362856304054
0.8067729990373893
0.8067729990373893
0.8060829005505127
0.8060829005505127
0.8060813790026525
0.8060813790026525
0.806081088623839
0.806081088623839
0.8060823788542961
0.8060823788542961
0.8069250706060105
0.8069250706060105
0.8060326029595114
0.8060326029595114
0.806912651823079
0.806912651823079
0.8060295743145129
0.8060295743145129
0.8062106746850628
0.8062106746850628
0.806248152619577
0.806248152619577
0.7995921369437039
0.7995921369437039
0.7995900713925524
0.7995900713925524
0.7993324792778995
0.7993324792778995
0.8003854625617963
0.8003854625617963
0.8006312412254614
0.8006312412254614
0.800871073344182
0.800871073344182
0.8008698051622333
0.8008698051622333
0.8000121136443835
0.8000121136443835
0.8001327766514856
0.8001327766514856
0.8001251706364877
0.8001251706364877
0.8005483596543231
0.8005483596543231
0.7998362018720102
0.7998362018720102
0.7998342813291565
0.7998342813291565
0.7998337048625462
0.7998337048625462
0.79983563422118
0.79983563422118
0.8007050548037269
0.8007050548037269
0.799783616415612
0.799783616415612
0.8006921842599615
0.8006921842599615
0.7997810444921524
0.7997810444921524
0.7999681383689897
0.7999681383689897
0.8000064123584201
0.8000064123584201
0.7325709277263441
0.7325709277263441
0.7325686955823141
0.7325686955823141
0.7322255989189184
0.7322255989189184
0.7336292163046296
0.7336292163046296
0.7339565798211833
0.7339565798211833
0.7342762308698476
0.7342762308698476
0.734274460885905
0.734274460885905
0.7331299754770592
0.7331299754770592
0.7332920104429753
0.7332920104429753
0.733281548545989
0.733281548545989
0.7338467898779468
0.7338467898779468
0.7328952943427558
0.7328952943427558
0.732894122549541
0.732894122549541
0.7328936583454728
0.7328936583454728
0.7328948354698842
0.7328948354698842
0.7340550560436381
0.7340550560436381
0.732826839243724
0.732826839243724
0.7340385459262535
0.7340385459262535
0.732823905054524
0.732823905054524
0.733072390373816
0.733072390373816
0.7331239817778504
0.7331239817778504
0.7170850951269518
0.7170850951269518
0.717083780311997
0.717083780311997
0.7167200593252712
0.7167200593252712
0.7182053283383859
0.7182053283383859
0.718551323461479
0.718551323461479
0.7188890719863927
0.7188890719863927
0.7188876280430074
0.7188876280430074
0.7176766133603029
0.7176766133603029
0.717848208518695
0.717848208518695
0.7178374622000013
0.7178374622000013
0.7184353701833487
0.7184353701833487
0.7174288162026555
0.7174288162026555
0.7174268949559505
0.7174268949559505
0.7174273429451822
0.7174273429451822
0.717428491038745
0.717428491038745
0.7186553683829272
0.7186553683829272
0.7173562534735793
0.7173562534735793
0.7186380605326165
0.7186380605326165
0.7173533088286445
0.7173533088286445
0.7176158119544549
0.7176158119544549
0.7176705544274921
0.7176705544274921
0.6844590864617982
0.6844590864617982
0.6844578854134709
0.6844578854134709
0.6840520469793403
0.6840520469793403
0.6857077612854076
0.6857077612854076
0.6860937318421055
0.6860937318421055
0.6864704122744558
0.6864704122744558
0.6864687572640304
0.6864687572640304
0.685117901488154
0.685117901488154
0.6853096353790457
0.6853096353790457
0.685297767497368
0.685297767497368
0.6859652872373133
0.6859652872373133
0.6848417579230376
0.6848417579230376
0.6848402004498549
0.6848402004498549
0.6848408376050631
0.6848408376050631
0.6848417456268293
0.6848417456268293
0.6862100865149623
0.6862100865149623
0.6847610517084377
0.6847610517084377
0.6861909344788379
0.6861909344788379
0.6847586600006995
0.6847586600006995
0.6850508587558768
0.6850508587558768
0.6851122933813293
0.6851122933813293
0.6201190517529233
0.6201190517529233
0.6201172349020703
0.6201172349020703
0.6196294516613983
0.6196294516613983
0.6216221023742367
0.6216221023742367
0.6220862134950674
0.6220862134950674
0.6225389555534178
0.6225389555534178
0.6225379882769838
0.6225379882769838
0.6209112906724449
0.6209112906724449
0.6211427357961836
0.6211427357961836
0.6211279994569489
0.6211279994569489
0.6219314762485075
0.6219314762485075
0.6205791219669918
0.6205791219669918
0.6205779439032179
0.6205779439032179
0.6205780234292989
0.6205780234292989
0.6205788880929859
0.6205788880929859
0.6222260376421778
0.6222260376421778
0.6204825338870745
0.6204825338870745
0.6222032102770053
0.6222032102770053
0.6204795149298994
0.6204795149298994
0.62083153710583
0.62083153710583
0.6209054153792023
0.6209054153792023
0.617726887587408
0.617726887587408
0.6177252897259343
0.6177252897259343
0.6172342839219953
0.6172342839219953
0.6192396261818066
0.6192396261818066
0.6197067155747727
0.6197067155747727
0.6201624801668513
0.6201624801668513
0.6201608105598814
0.6201608105598814
0.6185245784138386
0.6185245784138386
0.6187575006589447
0.6187575006589447
0.6187428490007566
0.6187428490007566
0.6195510833003207
0.6195510833003207
0.618190739564147
0.618190739564147
0.6181887326307905
0.6181887326307905
0.6181891891619279
0.6181891891619279
0.6181903363391063
0.6181903363391063
0.619847573894306
0.619847573894306
0.6180928497616205
0.6180928497616205
0.6198246012205954
0.6198246012205954
0.6180903085987948
0.6180903085987948
0.6184441272185175
0.6184441272185175
0.6185185454944117
0.6185185454944117
0.6106085880750554
0.6106085880750554
0.6106070674246817
0.6106070674246817
0.6101071515253775
0.6101071515253775
0.612149754440211
0.612149754440211
0.6126255208493196
0.6126255208493196
0.6130893455536035
0.6130893455536035
0.6130878729932562
0.6130878729932562
0.6114210429175014
0.6114210429175014
0.6116583590618719
0.6116583590618719
0.6116435169405032
0.6116435169405032
0.6124669125773863
0.6124669125773863
0.6110811719010949
0.6110811719010949
0.6110787744095546
0.6110787744095546
0.6110794977206767
0.6110794977206767
0.6110807565722746
0.6110807565722746
0.6127688048891102
0.6127688048891102
0.6109812975306762
0.6109812975306762
0.6127452749056633
0.6127452749056633
0.6109788423436335
0.6109788423436335
0.6113392964151095
0.6113392964151095
0.6114147535138402
0.6114147535138402
0.5523692566474564
0.5523692566474564
0.5523672619551657
0.5523672619551657
0.5517931309070935
0.5517931309070935
0.5541406293339532
0.5541406293339532
0.5546873009776697
0.5546873009776697
0.5552203028118466
0.5552203028118466
0.5552188137315412
0.5552188137315412
0.5533025434381112
0.5533025434381112
0.5535758100216924
0.5535758100216924
0.5535586046960613
0.5535586046960613
0.5545052039855087
0.5545052039855087
0.5529123053048519
0.5529123053048519
0.5529101934029769
0.5529101934029769
0.5529099992877283
0.5529099992877283
0.552911565127403
0.552911565127403
0.5548519124411624
0.5548519124411624
0.5527975286941558
0.5527975286941558
0.5548251531222087
0.5548251531222087
0.5527952432823855
0.5527952432823855
0.5532093427624807
0.5532093427624807
0.553296371179689
0.553296371179689
0.5491899384938764
0.5491899384938764
0.5491889486935703
0.5491889486935703
0.548610632388218
0.548610632388218
0.5509744540556224
0.5509744540556224
0.5515252684154939
0.5515252684154939
0.5520613714471722
0.5520613714471722
0.5520603864131893
0.5520603864131893
0.5501304249646104
0.5501304249646104
0.5504054481967415
0.5504054481967415
0.5503887627464237
0.5503887627464237
0.5513421757586964
0.5513421757586964
0.549736854612104
0.549736854612104
0.549735162903736
0.549735162903736
0.5497363197905641
0.5497363197905641
0.5497367412982984
0.5497367412982984
0.5516909823791916
0.5516909823791916
0.5496221709382278
0.5496221709382278
0.5516641206448442
0.5516641206448442
0.5496195322156529
0.5496195322156529
0.5500365091191205
0.5500365091191205
0.5501239568578441
0.5501239568578441
0.5346066359525213
0.5346066359525213
0.5346048937875753
0.5346048937875753
0.5340080208909356
0.5340080208909356
0.5364484204289337
0.5364484204289337
0.5370166916958625
0.5370166916958625
0.5375704941377316
0.5375704941377316
0.5375695969646694
0.5375695969646694
0.5355768914693488
0.5355768914693488
0.5358609189686057
0.5358609189686057
0.535843015686388
0.535843015686388
0.536827235465104
0.536827235465104
0.5351703591996098
0.5351703591996098
0.5351696406342958
0.5351696406342958
0.5351689514862706
0.5351689514862706
0.5351702711233485
0.5351702711233485
0.5371875705427389
0.5371875705427389
0.5350519627000134
0.5350519627000134
0.5371596896029623
0.5371596896029623
0.5350493303502374
0.5350493303502374
0.5354804277184829
0.5354804277184829
0.5355706649723516
0.5355706649723516
0.5284803508251206
0.5284803508251206
0.5284788709940553
0.5284788709940553
0.5278735918405714
0.5278735918405714
0.5303464661560304
0.5303464661560304
0.5309220240787551
0.5309220240787551
0.531483285799504
0.531483285799504
0.5314816222539244
0.5314816222539244
0.5294633124523322
0.5294633124523322
0.529751125330159
0.529751125330159
0.5297332541291306
0.5297332541291306
0.5307305372673151
0.5307305372673151
0.529051791844654
0.529051791844654
0.5290502580355448
0.5290502580355448
0.5290500876084632
0.5290500876084632
0.5290521379700254
0.5290521379700254
0.531095486337585
0.531095486337585
0.528931694219785
0.528931694219785
0.5310671562488833
0.5310671562488833
0.5289289206901022
0.5289289206901022
0.5293649963603835
0.5293649963603835
0.5294566523506756
0.5294566523506756
0.509558178478234
0.509558178478234
0.5095567677837276
0.5095567677837276
0.508927561232857
0.508927561232857
0.511499384166842
0.511499384166842
0.5120980341159576
0.5120980341159576
0.5126818995212385
0.5126818995212385
0.5126804627550248
0.5126804627550248
0.5105808441534154
0.5105808441534154
0.5108803463274777
0.5108803463274777
0.5108620987008303
0.5108620987008303
0.5118987406970127
0.5118987406970127
0.5101535546838201
0.5101535546838201
0.5101516491611303
0.5101516491611303
0.5101516712269801
0.5101516712269801
0.5101526050080062
0.5101526050080062
0.5122780916644939
0.5122780916644939
0.5100281394223415
0.5100281394223415
0.5122497458154172
0.5122497458154172
0.51002588087574
0.51002588087574
0.5104788614679054
0.5104788614679054
0.5105746313542298
0.5105746313542298
0.4226093806227113
0.4226093806227113
0.4226073232419358
0.4226073232419358
0.42186764869824106
0.42186764869824106
0.4248939638497738
0.4248939638497738
0.4255990741140653
0.4255990741140653
0.42628552379061646
0.42628552379061646
0.4262842237000829
0.4262842237000829
0.4238124882595027
0.4238124882595027
0.42416569417719263
0.42416569417719263
0.4241440812609067
0.4241440812609067
0.4253649745668174
0.4253649745668174
0.4233098504320059
0.4233098504320059
0.42330836808358646
0.42330836808358646
0.42330737237031335
0.42330737237031335
0.4233088400675167
0.4233088400675167
0.4258112515804357
0.4258112515804357
0.4231629928377057
0.4231629928377057
0.4257777388661389
0.4257777388661389
0.4231598984524927
0.4231598984524927
0.42369366829518773
0.42369366829518773
0.423806007165657
0.423806007165657
0.4154464451612219
0.4154464451612219
0.41544486490112154
0.41544486490112154
0.4146952230387342
0.4146952230387342
0.4177596062034618
0.4177596062034618
0.41847313665767893
0.41847313665767893
0.41916799934479876
0.41916799934479876
0.41916663330604104
0.41916663330604104
0.4166643976465258
0.4166643976465258
0.41702202814736866
0.41702202814736866
0.4169998967204249
0.4169998967204249
0.418236352847882
0.418236352847882
0.4161548648902477
0.4161548648902477
0.41615326270151376
0.41615326270151376
0.4161534434426553
0.4161534434426553
0.41615522418225753
0.41615522418225753
0.41868824341547123
0.41868824341547123
0.4160066715058571
0.4160066715058571
0.41865361864342804
0.41865361864342804
0.41600352043677336
0.41600352043677336
0.41654371349200214
0.41654371349200214
0.41665749820995784
0.41665749820995784
0.41308732353866146
0.41308732353866146
0.4130849982071488
0.4130849982071488
0.41233337354960825
0.41233337354960825
0.41540935429190035
0.41540935429190035
0.4161262592159034
0.4161262592159034
0.4168238497072084
0.4168238497072084
0.41682254278779585
0.41682254278779585
0.41430995776708734
0.41430995776708734
0.4146690463561663
0.4146690463561663
0.41464704563532984
0.41464704563532984
0.41588847016609687
0.41588847016609687
0.41379873537822764
0.41379873537822764
0.41379763945293535
0.41379763945293535
0.4137970439521982
0.4137970439521982
0.4137980033614287
0.4137980033614287
0.4163419586811784
0.4163419586811784
0.41364978670592045
0.41364978670592045
0.41630756413245246
0.41630756413245246
0.41364671504931105
0.41364671504931105
0.41418955319128486
0.41418955319128486
0.4143036225967414
0.4143036225967414
0.9825322595283328
0.9825322595283328
0.9825299241284745
0.9825299241284745
0.9825061926103534
0.9825061926103534
0.9826014062260686
0.9826014062260686
0.9826234810063376
0.9826234810063376
0.9826476901875135
0.9826476901875135
0.982646019796693
0.982646019796693
0.982571315091217
0.982571315091217
0.9825791612173935
0.9825791612173935
0.9825778219530245
0.9825778219530245
0.9826141222785788
0.9826141222785788
0.9825537072897752
0.9825537072897752
0.9825518890888956
0.9825518890888956
0.9825521324456992
0.9825521324456992
0.9825526581246261
0.9825526581246261
0.9826306805063179
0.9826306805063179
0.9825476954592743
0.9825476954592743
0.9826282049031878
0.9826282049031878
0.9825444559867212
0.9825444559867212
0.9825631250730339
0.9825631250730339
0.9825658916532192
0.9825658916532192
0.9653753887044902
0.9653753887044902
0.965373479450289
0.965373479450289
0.9653275083116165
0.9653275083116165
0.9655123942550586
0.9655123942550586
0.9655559117942596
0.9655559117942596
0.9656000227604481
0.9656000227604481
0.9655984362817006
0.9655984362817006
0.9654504093203712
0.9654504093203712
0.9654688489260165
0.9654688489260165
0.9654671375750725
0.9654671375750725
0.9655401884450453
0.9655401884450453
0.9654177257221725
0.9654177257221725
0.9654164415529276
0.9654164415529276
0.96541627512636
0.96541627512636
0.9654177430859515
0.9654177430859515
0.9655696238548056
0.9655696238548056
0.9654070816477489
0.9654070816477489
0.9655657365579726
0.9655657365579726
0.9654050001115936
0.9654050001115936
0.9654391529672592
0.9654391529672592
0.9654453234127656
0.9654453234127656
0.9265251350469211
0.9265251350469211
0.9265239086082737
0.9265239086082737
0.926427791607045
0.926427791607045
0.926816049545181
0.926816049545181
0.9269066374246857
0.9269066374246857
0.9269965110876717
0.9269965110876717
0.9269958171675868
0.9269958171675868
0.926680622403312
0.926680622403312
0.9267230358322271
0.9267230358322271
0.9267197579169307
0.9267197579169307
0.9268752174076402
0.9268752174076402
0.9266144669811368
0.9266144669811368
0.9266132356660106
0.9266132356660106
0.9266125945110941
0.9266125945110941
0.9266140077699556
0.9266140077699556
0.9269344358469706
0.9269344358469706
0.92659445856618
0.92659445856618
0.9269285721577254
0.9269285721577254
0.9265914452603279
0.9265914452603279
0.9266616900218643
0.9266616900218643
0.9266753653181943
0.9266753653181943
0.9229091782742316
0.9229091782742316
0.9229081664563233
0.9229081664563233
0.9228072901047657
0.9228072901047657
0.923214621977378
0.923214621977378
0.9233096779925725
0.9233096779925725
0.9234040230726802
0.9234040230726802
0.9234026534432355
0.9234026534432355
0.9230726600814263
0.9230726600814263
0.9231173058204072
0.9231173058204072
0.9231140680824717
0.9231140680824717
0.9232768691419699
0.9232768691419699
0.9230035607943847
0.9230035607943847
0.9230017060837431
0.9230017060837431
0.9230016663010144
0.9230016663010144
0.9230031762433877
0.9230031762433877
0.9233389569375464
0.9233389569375464
0.9229823732658256
0.9229823732658256
0.9233328835190664
0.9233328835190664
0.9229794053353094
0.9229794053353094
0.92305281197645
0.92305281197645
0.9230672685775325
0.9230672685775325
0.9085909412081532
0.9085909412081532
0.9085884708374171
0.9085884708374171
0.9084702618557672
0.9084702618557672
0.9089526950263637
0.9089526950263637
0.9090652957866615
0.9090652957866615
0.9091768027090705
0.9091768027090705
0.9091744821454978
0.9091744821454978
0.9087842073329171
0.9087842073329171
0.9088376890338756
0.9088376890338756
0.9088337782193676
0.9088337782193676
0.9090263525659541
0.9090263525659541
0.9087028464216418
0.9087028464216418
0.9087003437801641
0.9087003437801641
0.9087004135574522
0.9087004135574522
0.9087021505898587
0.9087021505898587
0.9090997987257747
0.9090997987257747
0.9086775997325861
0.9086775997325861
0.9090927091502601
0.9090927091502601
0.9086745270029816
0.9086745270029816
0.908761431897495
0.908761431897495
0.9087784152862987
0.9087784152862987
