0.8636069883062238
0.8636069883062238
0.8636225734908411
0.8636225734908411
0.8633944176839385
0.8633944176839385
0.8640928282284784
0.8640928282284784
0.864324038781168
0.864324038781168
0.8644452672213078
0.8644452672213078
0.8645866023496747
0.8645866023496747
0.8638212402873877
0.8638212402873877
0.863844055425292
0.863844055425292
0.863966930965314
0.863966930965314
0.8642856742004977
0.8642856742004977
0.8638289378202303
0.8638289378202303
0.8638283073236636
0.8638283073236636
0.8638103306113408
0.8638103306113408
0.8638123156918179
0.8638123156918179
0.8643825678758265
0.8643825678758265
0.8637582120701542
0.8637582120701542
0.8643640338342969
0.8643640338342969
0.8637386787885739
0.8637386787885739
0.8638387012147315
0.8638387012147315
0.8638366428314864
0.8638366428314864
