ITERATION 0: 
0.9777756589215512
0.9778630938762812
0.9778767985048217
0.9779308374344282
0.9778577643671352
0.9777730481363607
0.9778801880003946
0.9779086911782511
0.9778404341054274
0.9779616964343872
0.977903081607462
0.9779598310366334
0.9777915832837046
0.9777827330487051
0.9777855415686533
0.9778367828146054
0.977839186434894
0.9777958956920854
0.9777850532510765
0.9777756589215512
0.9778630938762812
0.9778767985048217
0.9779308374344282
0.9778577643671352
0.9777730481363607
0.9778801880003946
0.9779086911782511
0.9778404341054274
0.9779616964343872
0.977903081607462
0.9779598310366334
0.9777915832837046
0.9777827330487051
0.9777855415686533
0.9778367828146054
0.977839186434894
0.9777958956920854
0.9777850532510765
     Value: 2.8E-5
ITERATION 1: 
0.9777756589215512
0.9778630938762812
0.9778767985048217
0.9779308374344282
0.9778577643671352
0.9777730481363607
0.9778801880003946
0.9779086911782511
0.9778404341054274
0.9779616964343872
0.977903081607462
0.9779598310366334
0.9777915832837046
0.9777827330487051
0.9777855415686533
0.9778367828146054
0.977839186434894
0.9777958956920854
0.9777850532510765
0.9777756589215512
0.9778630938762812
0.9778767985048217
0.9779308374344282
0.9778577643671352
0.9777730481363607
0.9778801880003946
0.9779086911782511
0.9778404341054274
0.9779616964343872
0.977903081607462
0.9779598310366334
0.9777915832837046
0.9777827330487051
0.9777855415686533
0.9778367828146054
0.977839186434894
0.9777958956920854
0.9777850532510765
     Value: 2.8E-5

Solution found at iteration 1, the solutions is:
0.9777756589215512
0.9778630938762812
0.9778767985048217
0.9779308374344282
0.9778577643671352
0.9777730481363607
0.9778801880003946
0.9779086911782511
0.9778404341054274
0.9779616964343872
0.977903081607462
0.9779598310366334
0.9777915832837046
0.9777827330487051
0.9777855415686533
0.9778367828146054
0.977839186434894
0.9777958956920854
0.9777850532510765
0.9777756589215512
0.9778630938762812
0.9778767985048217
0.9779308374344282
0.9778577643671352
0.9777730481363607
0.9778801880003946
0.9779086911782511
0.9778404341054274
0.9779616964343872
0.977903081607462
0.9779598310366334
0.9777915832837046
0.9777827330487051
0.9777855415686533
0.9778367828146054
0.977839186434894
0.9777958956920854
0.9777850532510765
